Jerusalem
Kabul
Moscow
Algiers
Oslo
Dhaka
Manama
Beijing
Islamabad
Ramallah